---
build/images/claudia-staub-4d12ab3b.jpg: 2021-02-28 17:19:40.024778991 +01:00
build/images/claudia-und-denise-f8cc5507.jpg: 2021-02-28 17:19:40.025656722 +01:00
build/images/denise-bienz-3fa305ea.jpeg: 2021-02-28 17:19:40.023877213 +01:00
