---
build/images/claudia-staub-4d12ab3b.jpg: 2021-11-05 11:31:30.653791985 +01:00
build/images/claudia-und-denise-f8cc5507.jpg: 2021-11-05 11:31:30.654540829 +01:00
build/images/denise-bienz-3fa305ea.jpeg: 2021-11-05 11:31:30.653122420 +01:00
